Network weights:
4
3 4
-0.54071 -0.693134 0.49927 0.939095 
-0.00128571 1.0352 0.639898 0.915657 
-0.318918 0.680176 0.426248 -0.458446 
4 4
0.534364 -0.0434086 0.472097 0.936924 
0.835699 0.375124 -0.80061 0.252403 
0.665267 -0.675425 -0.726902 0.621039 
0.924324 0.905581 0.885872 -0.620789 
4 4
-0.365902 -0.0173787 0.673375 0.809744 
0.204209 -0.684852 0.724143 -0.352983 
-0.755455 -0.299087 -0.319696 0.335221 
-0.705744 0.588256 1.14064 1.31217 
4 3
0.02442 -0.369069 0.199732 
0.03438 -1.19052 0.267716 
1.41427 -1.89703 -1.68056 
1.78082 -0.530695 -1.84238 
