Network weights:
4
3 4
0.122686 0.938243 -0.910696 0.46555 
-0.831618 -0.571896 0.321995 -0.460597 
0.607267 0.296251 0.620981 -0.934313 
4 4
-0.972373 -0.906698 0.383457 0.723832 
-0.0997139 0.730394 -0.3364 -0.805986 
0.0702819 -0.921522 0.282688 0.717564 
0.117229 0.242757 0.24648 0.438048 
4 4
0.669551 0.616666 0.967059 -0.714666 
0.448284 -0.329193 -0.180216 0.906168 
0.0635403 -0.26952 0.366765 0.653726 
-0.207763 -0.95523 0.588039 -0.687039 
4 3
-0.193546 -0.545598 -0.827732 
-0.275992 0.508669 0.425201 
0.430191 -0.857487 0.0843389 
-0.100244 0.837859 0.8961 
