Network weights:
4
3 4
-0.870852 0.333287 -0.545508 0.434666 
0.734464 0.651872 0.152564 0.600525 
0.394253 -0.37997 0.515228 -0.828919 
4 4
-0.684112 -0.212842 0.00982741 0.0871542 
-0.543527 0.208244 0.181447 -0.0874342 
-0.187181 -0.462876 -0.927928 0.303356 
0.245914 0.862774 0.860245 0.399916 
4 4
0.955199 0.386522 -0.336519 -0.915652 
-0.28019 0.117973 0.519014 -0.545726 
-0.230155 -0.328422 -0.945201 -0.835902 
0.291608 0.570027 -0.664821 0.607496 
4 3
-0.642815 0.345006 -0.30535 
-0.186342 -0.44675 0.876097 
0.726224 0.36607 -0.586779 
0.798296 -0.330574 0.659134 
